200,200,677,200,677,244,200,244
200,300,675,300,675,344,200,344
200,400,678,400,678,444,200,444
200,500,676,500,676,522,200,522
200,550,678,550,678,572,200,572
200,200,677,200,677,244,200,244,梅改連己整達山凰葉大
200,300,675,300,675,344,200,344,改連己整達山凰葉大防
200,400,678,400,678,444,200,444,連己整達山凰葉大防領
200,500,676,500,676,522,200,522,己整達山凰葉大防領退牛書達輯聞文數路題幾
200,550,678,550,678,572,200,572,整達山凰葉大防領退牛書達輯聞文數路題幾害
200,200,677,200,677,244,200,244,梅改連己整達山凰葉大
200,300,675,300,675,344,200,344,改連己整達山凰葉大防
200,400,678,400,678,444,200,444,連己整達山凰葉大防領
200,500,676,500,676,522,200,522,己整達山凰葉大防領退牛書達輯聞文數路題幾
200,550,678,550,678,572,200,572,整達山凰葉大防領退牛書達輯聞文數路題幾害
